5.818068752373648067e+00
1.239734810326652159e+01
1.093333645684768030e+01
1.197257106882576139e+01
1.385757117769234625e+01
8.786065677574686816e+00
9.417755821463909882e+00
6.117651938997459737e+00
3.876834083001789111e+00
5.371320980630175157e+00
1.213378816478303079e+01
9.850004357937653054e+00
9.198215995041023163e+00
5.265949410433695022e+00
-2.324360457950060521e+00
6.562741480636006486e+00
7.721524291052086042e+00
1.153235088136905162e+01
1.125055554164615579e+01
1.152935440508074905e+01
1.126745168664961660e+01
1.292914644783082601e+01
6.117637114550944055e+00
1.110880949281995633e+01
1.517741564746578042e+01
-1.602234119604013074e+00
1.890718004197058377e+00
5.231859868835341487e+00
4.083362985972421200e+00
1.059927477812857610e+01
1.014128919534248574e+01
1.025825038842730486e+01
1.128096570343628180e+01
9.465595508216956944e+00
1.082145427966093898e+01
7.161042733039008290e+00
3.812611448925271596e+00
6.741652099555905053e+00
1.915539519602520357e+01
1.540760067541680201e+01
2.228480556157730774e+01
8.486403695646524525e+00
1.129500609014469426e+01
1.094528215374704594e+01
1.473996162111038011e+01
3.885056947248780368e+00
1.561936791953161574e+01
1.428115756392926983e+01
1.122978514084913115e+01
1.486017458812250780e+01
-1.451243020795409677e-01
5.600131198084022266e+00
8.269924069900937980e+00
6.989824033295825245e+00
9.856119501525938631e+00
1.701100991063030321e+01
7.714881050609346147e+00
1.729513082688308145e+01
4.624424707878639573e+00
1.230131402282923681e+01
1.013572196772312140e+01
4.036426357785400931e+00
1.059266766380554614e+01
5.997941830485180148e+00
1.281610924866721390e+01
1.801332360420796164e+01
1.747839998502594483e+01
1.237119852538617160e+01
2.538414192638707156e+00
9.236023719689235634e+00
3.994421587933191020e+00
7.315292941261199999e+00
8.845867499693275349e+00
1.129884872438838173e+00
7.510180383158559181e+00
1.025345307195064493e+01
5.167990368354831610e+00
1.031912301932282894e+01
1.054497902534197529e+01
1.172518171600613179e+01
8.530173502627052429e+00
6.340395790067567816e+00
8.076978904600458975e+00
6.600607810292783206e+00
5.332090729484563418e+00
6.247015018495422289e+00
3.851325630545683332e+00
1.493454502537656303e+01
9.460539321104510790e+00
4.920433843633360560e+00
4.484232101472466425e+00
8.268556378169041210e+00
6.755454734138204742e+00
5.435645679522735030e+00
1.185126826965602298e+01
5.617480057744019817e+00
9.211082110338750795e+00
1.732307405887379659e+01
1.214325198404013229e+01
7.394291941241782240e+00
6.220021671735763036e+00
1.486808311892144552e+01
1.066985718009673789e+00
1.428493176684728994e+01
4.599959707214447135e+00
8.126049251010975638e+00
1.350290145394051322e+01
1.325950108071266520e+01
8.949134494664734873e+00
2.933194497179751892e+00
8.419832838880612513e+00
7.881787287394684149e+00
2.063454157886808105e+01
1.450650967315848305e+00
9.706983990502555670e+00
1.488648458387615925e+01
1.174380238474114257e+01
1.320390781029028027e+01
1.194768026330574706e+01
8.860317798503761111e+00
1.649736226417879692e+01
3.432843741176075270e+00
6.161084852526235167e+00
6.981742739056580049e+00
6.366648437306380970e+00
1.183991941815155791e+01
8.104994295402942583e+00
9.328032487775640647e+00
1.216436355918706269e+01
-7.491498943485481732e-01
2.184141916832191299e+01
1.831511701679900384e+01
9.276500903938460496e+00
7.921986023109164776e+00
8.621296761594919644e+00
1.457353021892618727e+01
6.324906569210010154e+00
9.332469172235569488e+00
1.346171208334293468e+01
4.711808693491056133e+00
1.713649203970642887e+01
7.612916617082601256e+00
9.117338520398565294e+00
6.526162127856994566e+00
1.103641783512293273e+01
1.573420086407109508e+01
1.011751722955179567e+01
1.794427703620014469e+00
9.590252876992927611e+00
1.547799487125738516e+01
1.811762184173800705e+01
1.801168158865532831e+00
1.698767775940547864e+01
1.294634498718482973e+01
2.530452006445377933e+00
-1.106994320643899243e+00
1.136623287958316553e+01
1.091732286560372600e+01
1.114896803904424516e+01
3.058080084397582610e+00
7.122079560350911720e+00
1.020333589261789697e+01
4.675923229636154588e+00
8.732623550995590733e+00
1.873381489607857731e+01
4.741072702255658911e+00
1.911054791110643691e+00
3.922914670167197748e+00
1.141051944109098493e+01
6.080323853550135382e+00
1.638567006554669092e+01
9.116559443209810709e+00
1.985520693261192804e+01
8.997511529772955541e+00
7.784955041441500967e+00
1.042224176262003610e+01
5.929317861364078013e+00
1.974122751575561807e+01
1.060491651074104169e+01
2.311559864903857786e+00
5.512697324209396399e+00
-6.230274474186675349e+00
-3.242122942449015000e+00
1.182189803545742279e+01
8.407344754124846276e+00
3.400868527499260274e+00
-4.704752333186162261e+00
6.656875805888988751e+00
1.298004456947087704e+01
1.065252972468223902e+01
-7.436244824595643621e-01
4.596848776598435826e+00
-4.736853914234238516e+00
1.418198724160872537e+01
-1.481656086812321860e-02
1.250307355566252276e+01
1.359456856345590836e+01
2.071152300490370024e+00
8.586311428728180317e+00
1.015637412300987918e+01
1.175362595160126844e+01
1.563759206476584396e+01
5.421825087292507561e+00
4.387659861661385108e+00
2.101323643368592542e+01
1.690811922157121217e+01
7.962929518019805641e+00
1.595771832434764903e+01
8.586923060421899123e+00
8.511365927814781074e+00
1.338212291596616588e+01
1.275897834199647640e+01
1.265365365982137646e+01
9.637036086636767251e+00
1.490678317664631081e+01
7.117948627225104019e+00
1.041497431999340151e+01
9.526848128000334981e+00
9.840302143878378871e+00
1.625068086415825519e+01
3.562345822815933261e+00
7.045275994311624324e+00
1.050782966520223383e+01
1.264203555931392486e+01
6.786924590282567671e+00
1.006713760993567064e+01
1.245647228959357555e+01
9.049789502268923869e+00
1.162612883024167942e+01
1.687143676881845522e+01
1.170503545090653574e+01
-1.625020683331278804e+00
8.236811423067514681e+00
1.091475427481529081e+01
1.509342779607838025e+01
4.673442623527223283e+00
8.241700841310551695e+00
1.275664141339881219e+01
4.923938094332211968e+00
-1.628407929672201604e+00
9.126325348119674885e+00
5.535676689026923114e+00
4.902832628544437910e-01
3.701317580349239300e+00
1.074925474323892161e+01
5.092113003293986750e+00
5.247526664740735924e-01
9.050837562848229823e+00
9.205755699146841664e+00
7.412369773736864786e+00
3.175865080738987878e+00
1.488657099322728428e+01
1.083985678044559187e+01
9.183419188902464114e+00
1.457584455296192871e+01
7.702494204530898614e+00
1.138431584985394451e+01
1.982896720814334657e+01
1.252048631055406602e+01
1.048723469158849575e+01
-2.118763765302862367e-01
1.012856021738298473e+01
3.024714260518988951e+00
5.645529699694761483e+00
9.848163465731808230e+00
1.613027753993273805e+01
1.130222557054859500e+01
1.357089981522002731e+01
2.206665626361196786e+01
5.267582241078411442e+00
5.896192132582475764e+00
1.893266553871299607e+01
3.108584340378925504e+00
8.313048315563579038e+00
8.185082046781301912e+00
1.126042240282733786e+01
8.489227801709752441e+00
1.727767876129615487e+01
1.197907641951116453e+01
-8.649781032616026266e-01
1.067003607174392243e+01
1.331012007586851098e+01
1.578654440145649218e+01
7.359008974314983575e+00
1.782805453126233530e+01
1.461567415467929720e+01
1.681232341180773915e-01
1.949667211812132095e+00
1.537874169898803700e+01
1.388493347558084068e+00
9.787421930729541586e+00
6.847847991373799736e+00
1.308740304605777816e+01
1.906663669485829615e+01
1.518742267110378208e+01
1.022489958391094866e+01
1.220288031221997294e+01
1.861381968041453305e+01
1.784717794146948222e+01
6.680987388787134051e+00
1.440539225060988926e+01
6.099611563340031850e+00
5.386611501554356529e+00
1.694188779679636525e+01
8.721782666384036986e-02
9.308457651481022666e+00
1.428126488486371493e+01
1.273598826677567075e+01
1.388073640816557841e+01
1.476485975231074121e+01
-5.222606405141963393e+00
8.615606205372738913e+00
1.262859023489998656e+01
5.709306086054633411e+00
6.680770762018292785e+00
5.883975696299793334e+00
1.436797000806926405e+01
1.634118177850451303e+01
7.385795268102761213e+00
1.454426424166140208e+01
1.100248937278816364e+01
2.275381654349342853e+01
8.719384381387213168e+00
1.374444603027474088e+01
1.654494256965248411e+01
1.411113058930412123e+01
9.021183439151455374e+00
1.091613940877959266e+01
1.018821538257819270e+01
1.336699768635318009e+01
7.477920767448598127e+00
1.044689925648446405e+01
3.738272877134888539e+00
1.018682026250174566e+01
1.727205030631501259e+01
7.360546845054747322e+00
1.799839018551887548e+01
2.235755787153669516e+00
1.075814701048497390e+01
1.465336656716260322e+01
8.679376180449770217e+00
1.222805070084577928e+01
5.215296158956169492e+00
1.263836003093268090e+01
1.092927999582955678e+01
1.891984787847648875e+01
1.229754175784559322e+01
9.828352030022152519e+00
1.036155725581165576e+01
1.070484610724101415e+01
5.856606730523941984e+00
1.506797872922883563e+01
1.638319435545255942e+01
9.714293571031253904e+00
9.651926906900719416e+00
7.006192274841209766e+00
6.942577230087442430e+00
8.507581609972822534e+00
8.992308665587884775e+00
2.484596184168331945e+00
1.194094769728530281e+01
8.585881102759632455e+00
9.199032626652469347e+00
7.604139941422983995e+00
1.006222433464975552e+01
1.274551835218958651e+01
6.357753953518678891e+00
1.135230261967772414e+01
6.729827394946440222e+00
5.326711622084390640e+00
-4.530284396674115754e+00
2.165854022757904218e+01
1.111307325944438418e+01
7.001727769295064796e+00
1.108080173911992894e+01
5.348738488890456111e+00
7.526124569988547286e+00
7.835609765693808626e+00
1.467067728179305419e+01
1.809771321865893512e+00
9.717492013391501260e+00
1.338651727337076913e+01
4.027398614681340305e+00
1.123517493132598055e+01
5.755785032127823442e+00
8.000917913806279813e+00
1.571215470478293597e+01
7.292272244575453755e+00
8.745214376941012446e+00
5.691666185305294334e+00
2.215326863736383700e+01
1.640753429983402967e+01
1.030006553862709850e+01
1.177096311101200854e+01
1.679429323056019641e+01
2.385395049118264943e+00
2.007778010978530858e+01
1.435896030982997829e+01
1.164111937485116499e+01
1.060746446774579077e+01
6.287923024567247055e+00
9.261453810660995600e+00
1.439681651561622111e+01
2.682932133571403810e+00
1.086140291894681553e+01
7.992601105438794207e+00
4.702226962244111519e+00
1.454295535287236874e+00
1.712763744251782683e+01
2.094128560524569416e+00
1.002263741836939381e+01
1.193645150828020185e+01
6.630182353037975318e+00
2.380597159151575326e+00
1.488529240760153982e+01
7.431412095228989045e+00
1.457479919058031470e+01
4.601568686462974789e+00
1.875685764265897859e+01
7.047021294146887271e+00
9.578138275635646792e+00
1.762170307458923801e+01
2.568219059202506926e+00
8.732294026763144146e+00
1.416055838913892373e+01
1.190587520099424879e+01
1.386890471924870027e+01
1.421086718069925858e+01
5.574093707038006329e+00
8.391949203883656949e+00
2.007938199597966999e+01
1.579672546854631321e+01
1.670087624634061996e+01
4.681755144427675930e+00
3.837702375070117355e+00
5.394310373464406005e+00
7.054002743090791228e+00
1.195348103952680319e+01
-1.472973261683742763e+00
1.541329618828482495e+01
1.765031981793331539e+01
1.033790264065320308e+01
5.075839575755282773e+00
1.633877992156172709e+01
1.575856920810699258e+01
5.282906504315947771e+00
1.544492827930608847e+01
1.047978779982115327e+01
6.570516206019133776e+00
1.124914330088116365e+01
1.429727773800558666e+01
1.841113483053475264e+01
1.530888370851143421e+01
1.008015104760129432e+01
1.029348427926325904e+01
1.517787401687344584e+01
1.669429054972740545e+01
1.482967913281338923e+01
3.371580723775327471e+00
1.376694055782320980e+01
8.576758527834606127e+00
1.257569797118345356e+01
2.243228518000113247e+00
3.528335711395427232e+00
1.366559332033013519e+01
1.443276127793506269e+01
8.869502871855612369e+00
7.922665064537589785e+00
8.820600266000550249e+00
1.198244508650466145e+01
7.075956841919592399e+00
1.298450568864627996e+01
1.631157869003219574e+01
6.391853756211061111e+00
8.151434724705190149e+00
6.977058183935218594e+00
8.240773282494719965e+00
1.187011326116636134e+01
1.814067870842644936e+01
1.022607037873605051e+01
6.632083261253356454e+00
1.535183611409416393e+01
1.398878185611982694e+01
-1.757116170611077166e-01
7.334993912109357694e+00
1.309833286485211268e+01
4.757422254145073914e+00
1.142955895203557404e+01
5.819992876090955392e+00
4.914240122620741502e+00
1.356490065373183285e+01
1.795691625498655242e+01
1.113742560738315568e+01
1.444606510344238437e+01
7.957384662155631005e+00
1.223281015698168872e+01
9.233056348963607718e+00
1.767124418130530827e+01
1.359970135976880989e+01
2.163285360853686612e+00
1.570043869341596121e+00
1.425901536462508545e+01
1.779210593585644773e+01
1.664320923400914509e+01
5.124378607573929045e+00
1.409584971256562369e+01
1.049003976287134066e+01
1.005643082984910741e+01
1.072006015742615936e+01
1.483941918094797430e+01
1.351098733702959187e+01
4.940757485326150444e+00
7.927336572259900294e+00
8.824727671766449788e+00
1.723007253910901326e+01
1.389784238706129926e+01
9.910745042549514494e+00
1.357773229113688274e+01
4.721704610461308960e+00
5.608812308357197018e+00
2.586031263146352899e+00
1.196657317655271058e+01
9.218728479140199994e+00
-2.943333028323911194e+00
2.926039853331419494e+01
3.232038412521685444e+00
1.566221913460016069e+01
9.890098278475196736e+00
1.292078525640108566e+01
7.319000345229744298e+00
1.967184085069241917e+01
9.910423046300582683e+00
2.025411260606633945e+01
7.565562021827677341e+00
1.108867745343273548e+01
1.231481061191955462e+01
1.713904392395100018e+01
1.363102331747483476e+01
1.543740172281336065e+01
3.364344029653510759e+00
9.980826771676634124e+00
1.670070509887791843e+01
6.665325104590262839e+00
1.070906934595407201e+01
5.419323334716896312e+00
7.993472452399511319e+00
6.781124554578987329e+00
7.395272940901757686e+00
7.235372031077247357e+00
1.297491983544029637e+01
4.044833492247859930e+00
1.230867464397337585e+01
3.215261156224849870e+00
7.042685485315210769e+00
1.479330975898555245e+01
2.914013013678566466e+00
9.483044481585880092e+00
1.965764376817372749e+01
1.407730724918859977e+01
7.402631022318608700e+00
2.363021439746719743e+00
2.568177082154808666e+00
4.836767653709630466e+00
1.122382968071005749e+01
1.310903496749872588e+01
1.314036296458505504e+01
6.373395728990588260e+00
5.156611039093275117e+00
1.362258640898058992e+01
1.404130072788222883e+01
6.269542509592200830e+00
2.007801868407145918e+01
1.235632514028004536e+01
1.416713320672500842e+01
1.182718764777410847e+01
4.635015653599135810e+00
1.025382219301453013e+01
1.188488033801613852e+01
1.323313625002137606e+01
1.647137611238077426e+01
1.498393120732931116e+01
1.059681236294348139e+01
7.961151493819841107e+00
1.235914887241803051e+01
1.032563216622199853e+01
9.895602679849650585e+00
1.472096527224408646e+01
6.691691375773707762e+00
1.428784016873491680e+01
1.038942633089928158e+01
1.662585350318827793e+01
3.724062719330812676e+00
-3.939537429415748804e+00
1.774563243319825290e+01
1.439258872310687210e+01
9.156798048998782136e+00
2.102345109155815805e+01
7.987304578768206653e+00
9.047381972633154135e+00
9.388411183721608211e+00
1.496421578956576326e+01
7.226789060235049078e+00
1.258487882562234361e+01
5.967167015518127116e+00
7.512133420475973544e+00
1.195534661283210021e+01
1.307198474399153909e+01
1.173840563585996577e+01
1.583088388402266489e+01
9.748709447455992105e+00
1.290111625558140673e+01
5.756153365546323286e+00
7.408464471476833069e+00
1.175215171897723643e+01
1.358804521355819439e+01
1.444626593770209411e+01
1.054517955660021045e+01
1.081438215149417559e+01
6.735011490189050321e+00
8.506594553492449862e+00
8.899610757703358743e+00
1.250464171063541485e+01
1.489639707673183366e+01
1.732593651749088792e+01
7.591454354262170412e+00
6.441855086571218081e+00
1.558768694497114637e+01
5.255521215087695985e+00
8.967332706077227655e+00
1.344218510181092618e+01
5.102326551027476675e+00
7.051234899508649789e+00
2.631690480498453333e+00
2.222966754092556130e+01
7.576242947110545245e+00
6.331155752679271664e+00
7.969665638631875382e+00
1.491576155816476756e+01
1.462970117804810855e+01
1.302957095770159235e+01
1.067245911365140998e+01
7.402642659422591365e+00
1.828614606986155167e+01
1.598755685010039329e+01
4.342516572838683864e+00
6.196381360771376023e+00
1.364670642186835892e+01
1.022698373577048869e+01
5.766118315868210331e+00
1.784211297952177944e+01
9.487088846441750434e+00
5.999284188280879171e+00
5.648642181812641105e+00
8.321956835263174312e+00
1.456523387104380518e+01
8.854926916152034977e+00
4.869573135561589439e+00
4.365488485195335500e+00
1.008850515778362578e+01
1.023144859528919781e+01
6.322968197747539598e+00
9.048610362449638345e+00
2.876713586111798726e+00
3.757287840869555140e+00
3.155631396498605135e+00
1.216084750875549503e+01
1.195311254664240685e+01
9.104446901229994893e+00
1.160907073019387603e+01
1.506044141650894730e+00
1.794595568568515631e+01
2.846725596675101499e+00
1.332491213498041560e-01
1.526459499944167142e+01
9.943817451373227811e+00
1.177416830539159420e+01
1.735174728045064896e+01
1.673428970071798005e+01
-1.865533202961044523e+00
1.452430323822949632e+01
1.671132799758903786e+01
1.284566411666576258e+01
6.464190445351225556e+00
6.792176800314726037e+00
1.588883483634663030e+01
1.003428745239543751e+01
8.036049839132514805e+00
7.170359352834656974e+00
1.216156739303051992e+01
2.503415586587039776e+00
8.736615310026872194e+00
1.056564267734562534e+01
1.706435792865455170e+01
1.820643347968211856e+01
9.511905974032812239e+00
1.301841315638491103e+01
1.325372571668734878e+01
7.600604964403114394e+00
1.474949233006976002e+01
1.391987706167895134e+01
1.033473325932907194e+01
8.577209097937890547e+00
1.245086350666578845e+01
9.469316175411565339e+00
1.100462845328778272e+01
1.294608383009377306e+01
1.346213208962000074e+01
3.504985779680273694e+00
4.726180382656508527e+00
9.985872798787454485e+00
1.217181856808752372e+01
1.224510858857301798e+01
8.794606593775117886e+00
4.776639165330910153e+00
-2.011954123470211186e+00
6.739782455768089875e+00
2.313999475224722602e+00
8.057329605274357931e+00
7.401573494927312424e+00
-3.819133383010351324e+00
1.220181807025307030e+01
1.819248861658127936e+01
4.543817365919279538e+00
2.422605244830605464e+00
1.239347032874761645e+01
9.495314974123919782e+00
9.385063047020008042e+00
1.386546918240056314e+01
7.397835962731502235e+00
1.585376450696411865e+01
1.930662108757735496e+01
8.894957707053453788e+00
6.177761889336290224e+00
1.009563320011521093e+01
1.168153153587805448e+01
7.912053525671371546e+00
1.100952978581551811e+01
9.612151719575704689e+00
1.650597607227301467e+01
1.275294816131025044e+01
4.854821573447431149e+00
9.022572849764790348e+00
1.035022953804670820e+01
5.763496972994698098e+00
1.262798814846270901e+01
9.974251259173296802e+00
5.783933503308915647e-01
2.267677584571327998e+01
2.165280092010389978e+01
1.215609205806968518e+01
5.360166095208390935e+00
1.219301801109636507e+01
1.610159345453423896e+01
1.908947319954145883e+01
1.639263218614313899e+01
1.971862436774037519e+01
3.870593206741885339e+00
1.103608032890019430e+01
1.092147888928629129e+01
1.046300103424727013e+00
4.351986075050766622e+00
5.015833717404580838e+00
2.917532740035058580e+00
4.866418697400211713e+00
1.191290425193780500e+01
7.532334538892806464e+00
1.872296874861320859e+01
1.314832366643768502e+01
1.280807772658689103e+01
1.058335492971818148e+01
1.381872257448788588e+01
7.242389788526838679e+00
2.003302888338405197e+00
2.390611535558075929e+00
1.739471907847087806e+01
1.620131804872169567e+01
1.542818127904187975e+01
4.798464891333932059e+00
8.141959909201608170e+00
6.693963697784042211e-01
5.369486160172694866e+00
9.283216731928783716e+00
1.468565990694796497e+01
6.303648003809000144e+00
9.404349730899923543e+00
7.301143750197993221e+00
7.290708558240678983e+00
1.103027404346315521e+01
1.148343896740973236e+01
8.935865748328938096e+00
1.172420606874018389e+00
1.592346627636931622e+01
1.815420575494086464e+01
1.047107833968463808e+01
5.901414737680862110e+00
1.466940203807173404e+01
1.039048530368447487e+01
1.378204814076158335e+01
1.314075374573484112e+00
1.377443354206281612e+00
9.931085303657376073e+00
9.109973899760529292e+00
8.316422451974883501e+00
1.630813279014702388e+01
1.932195643727272483e-01
1.307282291970713572e+01
1.511236148541960844e+01
4.879841967670167868e+00
1.583570018880587682e+00
1.945251113835151102e+01
6.909326445353398682e+00
5.339055079181155072e+00
1.729513974199248594e+01
3.944189225442789493e+00
6.139036894708663539e+00
1.202360353136887738e+01
-4.973206876307418867e-01
1.034857845176950519e+01
1.178202908315493147e+01
1.669778215913477482e+01
1.393332583925980117e+01
9.019958351602156199e+00
1.303871588651127134e+01
1.050823657616459528e+01
2.293525321719146248e+01
-3.991791731285069034e+00
1.097596853102344205e+01
5.733213320972770255e+00
2.631538709960117117e+01
7.685860840031858210e+00
5.613127906062228334e+00
8.479237509278016560e+00
5.842665487969494365e+00
1.585608015943605764e+01
8.721977275509573246e+00
8.594359333021980518e+00
1.243426828723816335e+01
5.292699145500347591e+00
6.800962431413715592e+00
6.562075860670557148e+00
9.103275692983672229e-01
9.129703055372374365e+00
9.354757535993570627e+00
1.212312643955992719e+01
1.934876642847720518e+01
1.870493196463538510e+01
1.645667249387908981e+00
5.065875517893522861e+00
1.006148453267757326e+01
6.516111972977580713e+00
1.803202322375254596e+01
8.217458241407783248e+00
5.100223212969102526e+00
4.844177888873915983e+00
2.100225287583942446e+01
1.411903017937050286e+01
-8.983753946225814246e-01
1.163481241648731057e+01
1.740162569274056992e+01
1.545485413504514938e+01
9.895207764222439195e+00
9.882916441933712548e+00
1.389822923332913618e+01
1.574109181892900189e+01
6.655254242034708057e+00
2.812908378504847207e+00
1.209292617883835241e+01
1.104207400548674656e+01
5.966580077590634801e+00
8.509518462386120419e+00
2.409446886335055105e+00
1.341551224045450397e+01
1.866148018836678446e+01
1.480064748514555362e+01
1.434830876689007262e+01
6.563285200772417838e+00
5.808586766521689704e+00
1.287321136535774713e+01
8.396666900092828456e-01
4.065766158785150353e+00
1.912445058838493850e+01
7.252372959331902180e+00
1.047764505372381727e+01
1.479167808110841520e+01
1.049109659243478809e+01
7.606093897535354920e+00
1.173679141141398219e+01
8.673094513726399057e+00
1.616013723576831751e+01
1.174878056155066730e+01
7.375800408740078140e+00
5.604858768621424403e+00
3.157629811960596555e+00
9.892047524585981577e+00
1.732608658021294445e+01
5.859859602466524819e+00
9.733982712677667237e+00
9.493904485517994374e+00
5.231139172714072139e+00
1.345868518177265827e+01
7.048054288212316720e+00
2.621321600702875010e+00
2.309542419962142823e+00
2.015662509088648946e+01
2.466466362183629357e+00
7.313106449825218291e+00
1.334659565820003024e+01
1.073413807725208180e+01
9.835400467147358938e+00
3.849910906787261666e-01
9.381883231369332776e+00
1.252471560186483401e+01
1.138194085588592763e+01
5.502411985264598293e+00
1.091616359610025633e+01
6.185102769022821079e+00
9.922776645684850294e+00
1.187235600965687787e+01
1.588484886751938951e+01
8.291082668313684678e+00
1.610632092236045310e+01
6.120904305481928986e-01
7.190201459292380193e+00
1.057171564459928703e+01
1.116565024305517184e+01
6.552975059965016058e+00
1.126257095408131903e+01
-3.059896492530389978e+00
9.178751093361238844e+00
1.166355038185785276e+01
-3.779502765077111803e-01
1.440767077643180727e+01
8.319438915438853499e+00
8.137577099580850515e+00
8.491985842034237564e+00
9.619947767350987888e+00
1.002922466279328439e+01
7.399858211203663494e+00
7.371822000682239917e+00
1.428856168394419868e+01
4.723141209792989237e+00
1.295766915015241416e+01
1.571115887801579447e+01
3.194522768661355983e+00
9.352556856493482229e+00
4.178137903027757005e+00
7.283191076894845573e+00
1.058224260919489623e+01
4.031935738190601803e+00
5.309286546016801722e+00
8.830852308045983534e+00
1.373169200379220456e+01
1.254603303157278837e+01
1.875993468550424836e+01
9.042399919709978917e+00
8.055544742991488150e+00
1.270030161491628817e+01
5.058256355892448930e+00
8.665603769348361851e+00
1.007987395203627834e+01
6.039048794786936014e+00
1.494355280600639624e+01
1.239697485135285326e+01
1.259571930619973834e+01
2.339872045077964202e+00
5.029727352954832753e+00
2.172143049497630685e+01
1.703820921305346658e+01
-6.890491279522805712e-01
9.123781086433975673e+00
5.365161544063915322e+00
1.482285233787652778e+01
1.348226481262317478e+01
1.407798645473200239e+01
3.697937424842564269e+00
8.531649832176794845e+00
3.372590687135522458e+00
1.018011307870128768e+01
1.363261542896696277e+01
1.571147812683078016e+01
8.086777368915861075e+00
2.806957420667406389e+00
9.399613328535492585e+00
1.195204632005708412e+01
1.315240462234843655e+01
1.271056772274833335e+01
1.097587132579588598e+01
1.621342397435022420e+01
1.054398892006250499e+01
5.341540882225737086e+00
7.624923905662248202e+00
6.116583244953159415e+00
1.334148869672942617e+01
1.040734663884901501e+01
1.125652001316035822e+01
1.356821074799458771e+01
7.453986638956052957e+00
1.690779972212218496e+01
1.521169078157975818e+01
1.467073457872451314e+01
